[{"id": 0, "img_name": "000001.jpg", "width": 1956, "height": 1090, "position": [-1.3484837493084505, 0.24819326436670486, -2.155266993979056], "rotation": [[0.9260268123477043, 0.04093032913711482, 0.3752319961968556], [0.030004705918931177, 0.9829753577042102, -0.1812709678051027], [-0.37626328605893516, 0.17912050218500275, 0.90903343462225]], "fy": 1162.72762639936, "fx": 1165.6626008986411}, {"id": 1, "img_name": "000002.jpg", "width": 1956, "height": 1090, "position": [-1.31384600137079, 0.23977337407804067, -2.1625475897214264], "rotation": [[0.9546894167967785, 0.030566449932890545, 0.2960300822462587], [0.01858266508517325, 0.9866478561839692, -0.16180448833672673], [-0.2970232348058967, 0.1599740604788093, 0.94137426030212]], "fy": 1162.72762639936, "fx": 1165.6626008986411}, {"id": 2, "img_name": "000003.jpg", "width": 1956, "height": 1090, "position": [-1.3322013974305709, 0.24567157328932385, -2.2205653980604905], "rotation": [[0.9901893148548249, 0.022656936625417897, 0.1378832258473961], [-0.0005915082403223452, 0.9874377062458451, -0.1580076783006001], [-0.13973106621411668, 0.15637595565398188, 0.9777636675741077]], "fy": 1162.72762639936, "fx": 1165.6626008986411}, {"id": 3, "img_name": "000004.jpg", "width": 1956, "height": 1090, "position": [-1.3259220123210353, 0.24387136037289425, -2.3172627535846613], "rotation": [[0.9918604255515433, 0.00987462975693479, 0.12694639779006991], [0.005026717961851541, 0.993174480054319, -0.11652975703812703], [-0.1272306108263385, 0.11621937814321834, 0.9850408254548441]], "fy": 1162.72762639936, "fx": 1165.6626008986411}, {"id": 4, "img_name": "000005.jpg", "width": 1956, "height": 1090, "position": [-1.203672045381624, 0.22264473197639276, -2.4510399004377548], "rotation": [[0.9918861075097188, -0.0096640363860058, 0.12676180864104442], [0.008642058025250102, 0.9999255912587454, 0.008609690989617558], [-0.1268355808214202, -0.007444349976891699, 0.991895819676197]], "fy": 1162.72762639936, "fx": 1165.6626008986411}, {"id": 5, "img_name": "000006.jpg", "width": 1956, "height": 1090, "position": [-1.1388546265138855, 0.2387195721978872, -2.582477521518515], "rotation": [[0.991614164070055, -0.013409670973243304, 0.12853610520019407], [0.009389322427817998, 0.9994490964926567, 0.03183306683872261], [-0.12889216516139554, -0.030359253027725564, 0.9911937880735564]], "fy": 1162.72762639936, "fx": 1165.6626008986411}, {"id": 6, "img_name": "000007.jpg", "width": 1956, "height": 1090, "position": [-1.0662893652606509, 0.2777628940562028, -2.700943864882512], "rotation": [[0.9975360618039927, -0.011644801481718302, 0.06918239659792351], [0.009206899016536742, 0.9993289083724025, 0.0354537149213098], [-0.0695488203428376, -0.03472940381972575, 0.9969738362159991]], "fy": 1162.72762639936, "fx": 1165.6626008986411}, {"id": 7, "img_name": "000008.jpg", "width": 1956, "height": 1090, "position": [-1.0618473702847182, 0.2826956539277104, -2.7911752016332754], "rotation": [[0.9999456525720933, -0.0012815133192435595, -0.010346478907467725], [0.001615674989097068, 0.9994751775192648, 0.0323536569364879], [0.010299587200450287, -0.03236861514564606, 0.9994229291231282]], "fy": 1162.72762639936, "fx": 1165.6626008986411}, {"id": 8, "img_name": "000009.jpg", "width": 1956, "height": 1090, "position": [-1.0107104598011878, 0.2835875708195619, -2.807264722532204], "rotation": [[0.9999992036091258, -0.0011508994894795712, 0.0005178913780566247], [0.0011513433237112258, 0.9999989695317089, -0.0008575220530514884], [-0.000516903922692907, 0.0008581176409092839, 0.9999994982220985]], "fy": 1162.72762639936, "fx": 1165.6626008986411}, {"id": 9, "img_name": "000010.jpg", "width": 1956, "height": 1090, "position": [-0.9583563413577141, 0.284500360657186, -2.816625887016382], "rotation": [[0.9990154226103803, -0.005482676199757467, 0.04402414846754186], [0.006105821262055806, 0.9998828949865458, -0.01403264978683847], [-0.04394205654403743, 0.014287637138898914, 0.998931909136788]], "fy": 1162.72762639936, "fx": 1165.6626008986411}, {"id": 10, "img_name": "000011.jpg", "width": 1956, "height": 1090, "position": [-0.848779207220442, 0.29057584358010097, -2.797396367324521], "rotation": [[0.9998727122871889, -0.006598013638551935, 0.014526714683158897], [0.006919656134647137, 0.9997295211915818, -0.02220366674738924], [-0.014376285418656029, 0.022301360363806536, 0.9996479238929499]], "fy": 1162.72762639936, "fx": 1165.6626008986411}, {"id": 11, "img_name": "000012.jpg", "width": 1956, "height": 1090, "position": [-0.7071797645115301, 0.2890022144853585, -2.760169151237002], "rotation": [[0.9943101198533731, -0.0020694886825609574, -0.10650400355743944], [-0.001121581229488906, 0.9995524645212559, -0.02989335586764118], [0.10651820319887104, 0.029842719146829292, 0.9938628096982035]], "fy": 1162.72762639936, "fx": 1165.6626008986411}, {"id": 12, "img_name": "000013.jpg", "width": 1956, "height": 1090, "position": [-0.595058909357488, 0.2899196980797872, -2.8017809628124533], "rotation": [[0.9903522353981498, -0.002394622434135775, -0.1385522126322267], [-0.002490935065483169, 0.9993814961048396, -0.0350773500389072], [0.13855051455836379, 0.03508405658772102, 0.9897337338339854]], "fy": 1162.72762639936, "fx": 1165.6626008986411}, {"id": 13, "img_name": "000014.jpg", "width": 1956, "height": 1090, "position": [-0.5029272870139226, 0.302399255924712, -2.8296333994957545], "rotation": [[0.9879975899251351, -0.0017849329551914293, -0.15445897939734643], [-0.0035273691373904174, 0.9994117892378496, -0.03411206823645516], [0.15442901271811912, 0.034247475041898484, 0.9874101429923441]], "fy": 1162.72762639936, "fx": 1165.6626008986411}, {"id": 14, "img_name": "000015.jpg", "width": 1956, "height": 1090, "position": [-0.370013419022581, 0.2861723434387625, -2.7520769201707274], "rotation": [[0.985152458847965, -0.0023885265733777925, -0.17166516177319463], [-0.002749931413105983, 0.9995554018577588, -0.029688996180359632], [0.17165975271749642, 0.02972025500870516, 0.9847078936106817]], "fy": 1162.72762639936, "fx": 1165.6626008986411}, {"id": 15, "img_name": "000016.jpg", "width": 1956, "height": 1090, "position": [-0.24350672023775619, 0.27611967816987704, -2.7354348008819818], "rotation": [[0.9801960185396543, -0.0027499109562679857, -0.19801061392951122], [-0.003746295641888463, 0.9994671412548926, -0.03242528058068554], [0.1979942688765837, 0.03252493722523092, 0.979663410539825]], "fy": 1162.72762639936, "fx": 1165.6626008986411}, {"id": 16, "img_name": "000017.jpg", "width": 1956, "height": 1090, "position": [-0.09973059304358332, 0.2785594599722507, -2.7198466304327473], "rotation": [[0.9650097444731225, -0.0021312726740237518, -0.26220535987791654], [-0.008081962742607945, 0.999250116932279, -0.03786668310076153], [0.26208944074522694, 0.03866085213255602, 0.9642688751392107]], "fy": 1162.72762639936, "fx": 1165.6626008986411}, {"id": 17, "img_name": "000018.jpg", "width": 1956, "height": 1090, "position": [0.007988361641655974, 0.26605719983889436, -2.6043059754499747], "rotation": [[0.9517750922442731, -0.0033715440093467154, -0.3067781062501012], [-0.01031515562195435, 0.9990225921176789, -0.04298206606212686], [0.3066231748382698, 0.04407372379850847, 0.9508100417657737]], "fy": 1162.72762639936, "fx": 1165.6626008986411}, {"id": 18, "img_name": "000019.jpg", "width": 1956, "height": 1090, "position": [0.13321475161608506, 0.25249024867122016, -2.5506399326808604], "rotation": [[0.9364269686297698, -0.00650457650413408, -0.35080225613208627], [-0.013179588984693694, 0.9984703994189676, -0.05369506418956618], [0.3506149324501946, 0.05490493574014051, 0.9349088817496154]], "fy": 1162.72762639936, "fx": 1165.6626008986411}, {"id": 19, "img_name": "000020.jpg", "width": 1956, "height": 1090, "position": [0.24943248252387176, 0.2568753702863847, -2.523344079401269], "rotation": [[0.9142845522673474, -0.008582924812555053, -0.4049815932693215], [-0.01711334567967898, 0.9980644293876508, -0.059787358118173754], [0.4047108731983166, 0.0615932479478471, 0.9123680073973939]], "fy": 1162.72762639936, "fx": 1165.6626008986411}, {"id": 20, "img_name": "000021.jpg", "width": 1956, "height": 1090, "position": [0.3856016808904962, 0.25015869568758153, -2.500212219496942], "rotation": [[0.9060647540038178, -0.01155979329870408, -0.42298112573836233], [-0.016276896614122363, 0.997934739059332, -0.06213951412101651], [0.422825879279656, 0.063187243629344, 0.9040053362972542]], "fy": 1162.72762639936, "fx": 1165.6626008986411}, {"id": 21, "img_name": "000022.jpg", "width": 1956, "height": 1090, "position": [0.5528292764848224, 0.2560042290235114, -2.6194492620371865], "rotation": [[0.9029121004812244, -0.013668377802755493, -0.4296078610230778], [-0.01580215349024791, 0.9977629803849037, -0.06495634625273204], [0.42953466769243864, 0.06543860039514378, 0.9006762785977385]], "fy": 1162.72762639936, "fx": 1165.6626008986411}, {"id": 22, "img_name": "000023.jpg", "width": 1956, "height": 1090, "position": [0.6361601645982734, 0.26612768240817986, -2.732656535960467], "rotation": [[0.8996833491982106, -0.013883412826892467, -0.4363222685398585], [-0.015216905515680479, 0.9978893720420317, -0.06312881237665256], [0.4362777979246906, 0.06343541608469064, 0.8975731897868523]], "fy": 1162.72762639936, "fx": 1165.6626008986411}, {"id": 23, "img_name": "000024.jpg", "width": 1956, "height": 1090, "position": [0.810270208225468, 0.2615567657178911, -2.760409461068293], "rotation": [[0.899447659752249, -0.014684516186094706, -0.4367817216305905], [-0.01251426699229133, 0.9981600926767981, -0.05932809207358234], [0.4368492880706663, 0.05882851665498748, 0.8976089934600288]], "fy": 1162.72762639936, "fx": 1165.6626008986411}, {"id": 24, "img_name": "000025.jpg", "width": 1956, "height": 1090, "position": [1.006072555245245, 0.2617423099947566, -2.7114999030573808], "rotation": [[0.897533187327844, -0.01588570754830878, -0.44066066529792614], [-0.010915480583400522, 0.9982441589925078, -0.05821899450329229], [0.44081178515184316, 0.05706350263549004, 0.8957838616196513]], "fy": 1162.72762639936, "fx": 1165.6626008986411}, {"id": 25, "img_name": "000026.jpg", "width": 1956, "height": 1090, "position": [1.1398015797011887, 0.2515591692811652, -2.628074810857908], "rotation": [[0.89033948052957, -0.019414976420502442, -0.4548831367515472], [-0.009331566372384427, 0.9981023951601161, -0.060864855579200475], [0.45520163804557334, 0.05843515608116814, 0.8884687958810913]], "fy": 1162.72762639936, "fx": 1165.6626008986411}, {"id": 26, "img_name": "000027.jpg", "width": 1956, "height": 1090, "position": [1.3258236358712645, 0.24712282577683148, -2.576422202132268], "rotation": [[0.8378578228628349, -0.02232427625005163, -0.5454318429991613], [-0.01579885204553214, 0.9977532278080423, -0.06510677900707686], [0.5456598436220075, 0.06316742110094681, 0.8356226492681145]], "fy": 1162.72762639936, "fx": 1165.6626008986411}, {"id": 27, "img_name": "000028.jpg", "width": 1956, "height": 1090, "position": [1.5157307465465966, 0.24166393366829872, -2.505195247772198], "rotation": [[0.8079273194136182, -0.024821290642317213, -0.5887591613520552], [-0.018685428133995128, 0.9975310242130664, -0.06769572001153583], [0.5889858243799887, 0.06569443860237005, 0.8054687699818935]], "fy": 1162.72762639936, "fx": 1165.6626008986411}, {"id": 28, "img_name": "000029.jpg", "width": 1956, "height": 1090, "position": [1.65474090672895, 0.22223493027482796, -2.430263371955097], "rotation": [[0.7999449670076727, -0.028553885413785098, -0.5993936314200125], [-0.01794478988100065, 0.997282217168399, -0.07145742673654748], [0.5998049968741674, 0.06791800164506276, 0.7972584968360772]], "fy": 1162.72762639936, "fx": 1165.6626008986411}, {"id": 29, "img_name": "000030.jpg", "width": 1956, "height": 1090, "position": [1.7955817474130118, 0.21393863617176995, -2.3407839813713096], "rotation": [[0.7743704442805486, -0.03267568600805218, -0.6318882136649243], [-0.020359892210033474, 0.9968617133036493, -0.07649966887842576], [0.6324048464503903, 0.07210425849570987, 0.7712749743722028]], "fy": 1162.72762639936, "fx": 1165.6626008986411}, {"id": 30, "img_name": "000031.jpg", "width": 1956, "height": 1090, "position": [1.8610819707322823, 0.19911153018716873, -2.183046769102424], "rotation": [[0.7549582056466, -0.04524937503597137, -0.654209906517564], [-0.02060786508583986, 0.9954867814081986, -0.09263575950003966], [0.6554490244278875, 0.0834179962621938, 0.7506184212208828]], "fy": 1162.72762639936, "fx": 1165.6626008986411}, {"id": 31, "img_name": "000032.jpg", "width": 1956, "height": 1090, "position": [2.030447565413055, 0.1618687953590669, -2.094385649545596], "rotation": [[0.7402700801651868, -0.05463704946484246, -0.6700858163235544], [-0.020620278444781457, 0.9943782500495928, -0.10385903882267206], [0.6719933128603942, 0.09070109510962907, 0.7349818357053638]], "fy": 1162.72762639936, "fx": 1165.6626008986411}, {"id": 32, "img_name": "000033.jpg", "width": 1956, "height": 1090, "position": [2.0863527318388466, 0.13837718271864108, -1.981800160472922], "rotation": [[0.7289856951843277, -0.03164109236866341, -0.6837972634416875], [-0.021844412262626924, 0.997347083987308, -0.06943785505698027], [0.6841802963178077, 0.06555635236749766, 0.7263605762944086]], "fy": 1162.72762639936, "fx": 1165.6626008986411}, {"id": 33, "img_name": "000034.jpg", "width": 1956, "height": 1090, "position": [2.129699122377606, 0.13700896435478047, -1.8689577806904922], "rotation": [[0.6993875231841397, 0.01834259449386238, -0.7145072719305157], [-0.0231748993325425, 0.9997269840529525, 0.002980167329960681], [0.7143668640518548, 0.014474342251783782, 0.6996216670180373]], "fy": 1162.72762639936, "fx": 1165.6626008986411}, {"id": 34, "img_name": "000035.jpg", "width": 1956, "height": 1090, "position": [2.124982002805201, 0.11159031679657293, -1.8757525958248007], "rotation": [[0.5659659732868771, 0.04838338886631787, -0.8230076334781158], [-0.030081742263023587, 0.9988236081024192, 0.03803273168845185], [0.8238796064133758, 0.0032322715039763542, 0.5667556321352843]], "fy": 1162.72762639936, "fx": 1165.6626008986411}, {"id": 35, "img_name": "000036.jpg", "width": 1956, "height": 1090, "position": [2.1462620386919276, 0.06900884053941446, -1.879378015909379], "rotation": [[0.4673756290851282, 0.06426053734627159, -0.8817202530719418], [-0.03936716932460219, 0.9978781956134074, 0.05185877648670496], [0.8831818880143822, 0.010473302215555431, 0.46891370487974954]], "fy": 1162.72762639936, "fx": 1165.6626008986411}, {"id": 36, "img_name": "000037.jpg", "width": 1956, "height": 1090, "position": [2.1795202433427385, 0.04457552549453573, -1.8651730678928888], "rotation": [[0.486203697462641, 0.04418649004553187, -0.8727276314355544], [-0.04105037242443971, 0.9987730713918148, 0.0276987145256942], [0.8728807659110559, 0.02235857687817398, 0.4874210321093166]], "fy": 1162.72762639936, "fx": 1165.6626008986411}, {"id": 37, "img_name": "000038.jpg", "width": 1956, "height": 1090, "position": [2.211966092648265, 0.03594322041354811, -1.8356393212286786], "rotation": [[0.628390822753563, 0.0017883732497150288, -0.7778957356871291], [-0.03069446303549466, 0.9992755842299308, -0.022497926590977095], [0.7772919810586385, 0.038014582505270865, 0.6279904996884007]], "fy": 1162.72762639936, "fx": 1165.6626008986411}, {"id": 38, "img_name": "000039.jpg", "width": 1956, "height": 1090, "position": [2.290261758161511, 0.028677838472317266, -1.74981638043775], "rotation": [[0.6647660914026262, -0.007683992472762397, -0.7470120480828629], [-0.022413165737869556, 0.9992918141295534, -0.030224496939951457], [0.7467152695123369, 0.03683512553724875, 0.6641230908527224]], "fy": 1162.72762639936, "fx": 1165.6626008986411}, {"id": 39, "img_name": "000040.jpg", "width": 1956, "height": 1090, "position": [2.4309646985492246, -0.00282501149147844, -1.561516842892502], "rotation": [[0.6619655384115157, -0.012805805506466966, -0.7494248710183576], [-0.019519112565938836, 0.9992204254619251, -0.0343153840766399], [0.7492800746050772, 0.03734371011321242, 0.6611995289735092]], "fy": 1162.72762639936, "fx": 1165.6626008986411}, {"id": 40, "img_name": "000041.jpg", "width": 1956, "height": 1090, "position": [2.636671984493173, 0.003974664513229955, -1.3758992275986022], "rotation": [[0.6598808959637001, -0.016345183011642624, -0.7511924108605335], [-0.01600184001028589, 0.9992308913943678, -0.035798977632078], [0.7511998031538811, 0.03564352220997128, 0.659111822884431]], "fy": 1162.72762639936, "fx": 1165.6626008986411}, {"id": 41, "img_name": "000042.jpg", "width": 1956, "height": 1090, "position": [2.7374876434511624, -0.02132555964471626, -1.124941679852066], "rotation": [[0.6539528870031538, -0.016076349798099833, -0.7563644442710205], [-0.015432579686023419, 0.9992826846921476, -0.034582532566144714], [0.7563778533672669, 0.03428800156939826, 0.6532356970373725]], "fy": 1162.72762639936, "fx": 1165.6626008986411}, {"id": 42, "img_name": "000043.jpg", "width": 1956, "height": 1090, "position": [2.8724376516793226, -0.04408086448195146, -0.8687050330677749], "rotation": [[0.633153318911286, -0.01772045004383043, -0.7738235331145386], [-0.015461040293178869, 0.9992488954340008, -0.03553310016001849], [0.7738719732518267, 0.034462017122816775, 0.6324037779703334]], "fy": 1162.72762639936, "fx": 1165.6626008986411}, {"id": 43, "img_name": "000044.jpg", "width": 1956, "height": 1090, "position": [2.8953884743188407, -0.053496525316926044, -0.6223720967767185], "rotation": [[0.5575431936720194, -0.018047604143832947, -0.8299517282195831], [-0.020977886762094288, 0.9991380886071396, -0.03581910330352408], [0.8298828323667155, 0.037381330622909666, 0.5566840402453253]], "fy": 1162.72762639936, "fx": 1165.6626008986411}, {"id": 44, "img_name": "000045.jpg", "width": 1956, "height": 1090, "position": [2.9535074888284063, -0.03714542773613914, -0.4534720633743873], "rotation": [[0.389636262179155, -0.01727478157947586, -0.9208068011892822], [-0.03071390610959359, 0.9990241805323804, -0.03173866227641788], [0.9204565384452154, 0.04064810737275283, 0.3887254715097343]], "fy": 1162.72762639936, "fx": 1165.6626008986411}, {"id": 45, "img_name": "000046.jpg", "width": 1956, "height": 1090, "position": [2.9182713005492635, 0.01494496611772602, -0.27657018605932304], "rotation": [[0.2471126870336, -0.016489601470118857, -0.9688464341423725], [-0.03758718477279286, 0.9989395595180983, -0.026588718860513727], [0.9682574675404727, 0.04298661969897335, 0.246230841039391]], "fy": 1162.72762639936, "fx": 1165.6626008986411}, {"id": 46, "img_name": "000047.jpg", "width": 1956, "height": 1090, "position": [2.897506211693953, 0.046341641329302984, -0.10492006819637663], "rotation": [[0.2255511634584083, -0.03233212951442396, -0.9736946677802136], [-0.03654595881016843, 0.9984648928183651, -0.04162031599899133], [0.9735456155502955, 0.04497211591945543, 0.22402330957407804]], "fy": 1162.72762639936, "fx": 1165.6626008986411}, {"id": 47, "img_name": "000048.jpg", "width": 1956, "height": 1090, "position": [2.916594559239278, 0.06612818314699336, 0.07011895106140129], "rotation": [[0.2117206988818326, -0.040416598138842096, -0.9764941598698232], [-0.03556267069598963, 0.9981642815630117, -0.04902411105532826], [0.976682979332576, 0.04510615929870225, 0.20989471712113947]], "fy": 1162.72762639936, "fx": 1165.6626008986411}, {"id": 48, "img_name": "000049.jpg", "width": 1956, "height": 1090, "position": [2.955927805884121, 0.05650504828610314, 0.25134868803526567], "rotation": [[0.19909368776407327, -0.04268903683833909, -0.979050228347002], [-0.033647716364108, 0.9981639216384237, -0.05036483617448972], [0.9794026417546473, 0.04297012535724767, 0.19729174754864987]], "fy": 1162.72762639936, "fx": 1165.6626008986411}, {"id": 49, "img_name": "000050.jpg", "width": 1956, "height": 1090, "position": [3.1446258850808038, 0.05646801847009277, 0.4047908111201782], "rotation": [[0.14808379420761483, -0.04778839324774744, -0.9878195479761854], [-0.03341160511579178, 0.998019928513583, -0.05329058953819972], [0.9884102663047682, 0.040896109357017485, 0.146193890784792]], "fy": 1162.72762639936, "fx": 1165.6626008986411}, {"id": 50, "img_name": "000051.jpg", "width": 1956, "height": 1090, "position": [3.2661327132386826, 0.03286068442975579, 0.5328498064540411], "rotation": [[0.06635957076677224, -0.04423888353532327, -0.9968145908599038], [-0.035456167874114215, 0.9982811723189124, -0.04666434563197586], [0.997165616899887, 0.03843985141914545, 0.06467696881844144]], "fy": 1162.72762639936, "fx": 1165.6626008986411}, {"id": 51, "img_name": "000052.jpg", "width": 1956, "height": 1090, "position": [3.353270517949579, 0.028015786674846103, 0.6993953576197293], "rotation": [[0.057254619545270814, -0.03591874384778731, -0.9977132616043164], [-0.03313193007268959, 0.9987337677719633, -0.037856786996210444], [0.9978096931531507, 0.03522364195274366, 0.05599206459133486]], "fy": 1162.72762639936, "fx": 1165.6626008986411}, {"id": 52, "img_name": "000053.jpg", "width": 1956, "height": 1090, "position": [3.372258169440082, -0.01202615877349391, 0.7300263125745252], "rotation": [[0.059304831677361766, -0.03345412686613947, -0.9976791860790438], [-0.03139932286253223, 0.9988812189207323, -0.03536089664030412], [0.9977459694047848, 0.03342352290013809, 0.05818804562321793]], "fy": 1162.72762639936, "fx": 1165.6626008986411}, {"id": 53, "img_name": "000054.jpg", "width": 1956, "height": 1090, "position": [3.315740177018049, -0.020950063775238326, 0.8423764730068459], "rotation": [[0.06612607779528121, -0.04112502311090333, -0.9969634267662681], [-0.028935831976116464, 0.998651045699852, -0.04311387886100976], [0.9973916279292011, 0.03169891791086149, 0.06484688997953632]], "fy": 1162.72762639936, "fx": 1165.6626008986411}, {"id": 54, "img_name": "000055.jpg", "width": 1956, "height": 1090, "position": [3.3794539029106683, -0.03261664829360022, 1.0589487340519768], "rotation": [[0.06224074327508342, -0.052563907340861596, -0.9966760384004553], [-0.025536360476624203, 0.9982013920495485, -0.05423905607540727], [0.9977344256715676, 0.028827357759680046, 0.06078650569347071]], "fy": 1162.72762639936, "fx": 1165.6626008986411}, {"id": 55, "img_name": "000056.jpg", "width": 1956, "height": 1090, "position": [3.3936883048798787, -0.04044029068591663, 1.2650483552878606], "rotation": [[0.02912208082279427, -0.058472988875701674, -0.9978641260113987], [-0.02475528168815098, 0.9979391531278579, -0.05919985374132084], [0.999269273237745, 0.026426430451265095, 0.027614549362854193]], "fy": 1162.72762639936, "fx": 1165.6626008986411}, {"id": 56, "img_name": "000057.jpg", "width": 1956, "height": 1090, "position": [3.4111242875066234, -0.07358671570360557, 1.3992881199999347], "rotation": [[-0.09117062978484974, -0.04007474334905579, -0.9950286082370398], [-0.028722047402251615, 0.9988800836560493, -0.037598171076618614], [0.9954209964922662, 0.025151409916566867, -0.0922195549845701]], "fy": 1162.72762639936, "fx": 1165.6626008986411}, {"id": 57, "img_name": "000058.jpg", "width": 1956, "height": 1090, "position": [3.478290686572845, -0.07793368718445881, 1.5194172930698497], "rotation": [[-0.27354011005236983, 0.031128783191602772, -0.9613567532656891], [-0.030815999467816175, 0.9986794824744922, 0.04110554051803642], [0.9613668302834961, 0.04086918327408282, -0.2722196309768502]], "fy": 1162.72762639936, "fx": 1165.6626008986411}, {"id": 58, "img_name": "000059.jpg", "width": 1956, "height": 1090, "position": [3.5576631405934074, -0.09329216129648644, 1.6782038528353285], "rotation": [[-0.3961443428371388, 0.039754488327491296, -0.9173272264006723], [-0.028060669842916185, 0.9980714315594513, 0.055371620103030504], [0.91775936848724, 0.04767597049549003, -0.3942648137879094]], "fy": 1162.72762639936, "fx": 1165.6626008986411}, {"id": 59, "img_name": "000060.jpg", "width": 1956, "height": 1090, "position": [3.5928756491437874, -0.10646259147583868, 1.8834999802857408], "rotation": [[-0.4780396707656608, 0.0446734223839389, -0.8772014355361967], [-0.02541999241044955, 0.9975837267119705, 0.06465703507978844], [0.8779703281775022, 0.053207081595991454, -0.4757489982206228]], "fy": 1162.72762639936, "fx": 1165.6626008986411}, {"id": 60, "img_name": "000061.jpg", "width": 1956, "height": 1090, "position": [3.627502178068092, -0.12749848151650148, 2.0781213266524565], "rotation": [[-0.4919384512122908, 0.050632938862556244, -0.8691564103894036], [-0.02434426609878395, 0.9971171571865026, 0.07186606676602757], [0.8702895592427639, 0.05651265651558218, -0.4892876482464968]], "fy": 1162.72762639936, "fx": 1165.6626008986411}, {"id": 61, "img_name": "000062.jpg", "width": 1956, "height": 1090, "position": [3.623261212428506, -0.15060301048075256, 2.2803850724615122], "rotation": [[-0.49257051877372526, 0.05664886093192476, -0.8684268481513558], [-0.02205775557431549, 0.9967459480890904, 0.07753044812848567], [0.8699929536806642, 0.05734476020610341, -0.48971812200785225]], "fy": 1162.72762639936, "fx": 1165.6626008986411}, {"id": 62, "img_name": "000063.jpg", "width": 1956, "height": 1090, "position": [3.6655427934638856, -0.1612857649805779, 2.4033721904007233], "rotation": [[-0.46510864008931363, 0.06149949607116414, -0.8831148084463661], [-0.021041422264309332, 0.996534124879084, 0.08047978939195487], [0.8850035092943779, 0.05601383699115114, -0.46220259475922937]], "fy": 1162.72762639936, "fx": 1165.6626008986411}, {"id": 63, "img_name": "000064.jpg", "width": 1956, "height": 1090, "position": [3.6055835894691737, -0.17069323580931195, 2.5949364927364686], "rotation": [[-0.44807801601765995, 0.06740955069609891, -0.8914494063246816], [-0.018243918671083954, 0.9962560294111081, 0.0845049305871341], [0.8938082853684006, 0.05412833210956669, -0.44517061074360686]], "fy": 1162.72762639936, "fx": 1165.6626008986411}, {"id": 64, "img_name": "000065.jpg", "width": 1956, "height": 1090, "position": [3.657759282699286, -0.16898290527280063, 2.7308896775447495], "rotation": [[-0.45817092635344253, 0.06989386644987611, -0.8861118719874568], [-0.0161500243100358, 0.9960844948881645, 0.08691867324214751], [0.8887173785626189, 0.05413433731077569, -0.4552481681069234]], "fy": 1162.72762639936, "fx": 1165.6626008986411}, {"id": 65, "img_name": "000066.jpg", "width": 1956, "height": 1090, "position": [3.5879498086969126, -0.18994697502664853, 2.9389921142014535], "rotation": [[-0.4868931738372961, 0.07743319727290497, -0.8700224923705937], [-0.01204433931045804, 0.9953728610673898, 0.09532996035399113], [0.8733784810500078, 0.05689435306438018, -0.48370761977476273]], "fy": 1162.72762639936, "fx": 1165.6626008986411}, {"id": 66, "img_name": "000067.jpg", "width": 1956, "height": 1090, "position": [3.584434080078777, -0.20418775770200506, 3.1034099969755675], "rotation": [[-0.6320896807612425, 0.0748921242034835, -0.7712676611964491], [-0.0053555689407654514, 0.9948726306615097, 0.10099389408260341], [0.7748767342980888, 0.06796777540082805, -0.628447633578639]], "fy": 1162.72762639936, "fx": 1165.6626008986411}, {"id": 67, "img_name": "000068.jpg", "width": 1956, "height": 1090, "position": [3.46553196871668, -0.28036745683874525, 3.269262389042536], "rotation": [[-0.6990259547843517, 0.07268275364971241, -0.7113929517922711], [-0.003902112576987121, 0.994418682359343, 0.10543366489003649], [0.7150856508525825, 0.07647680365053976, -0.6948408526044901]], "fy": 1162.72762639936, "fx": 1165.6626008986411}, {"id": 68, "img_name": "000069.jpg", "width": 1956, "height": 1090, "position": [3.4097036080671432, -0.37828775403649284, 3.3973653092837166], "rotation": [[-0.75168664936046, 0.06482579099461569, -0.6563267463658381], [-0.004463658722396052, 0.9946347364581931, 0.10335287505217643], [0.6595053122788738, 0.0806185949558985, -0.747364292178374]], "fy": 1162.72762639936, "fx": 1165.6626008986411}, {"id": 69, "img_name": "000070.jpg", "width": 1956, "height": 1090, "position": [3.2400341553118697, -0.3772357194004762, 3.5220098180438435], "rotation": [[-0.7560565550161381, 0.07072775673689474, -0.6506735510562078], [-0.004077100313937549, 0.9936158438771977, 0.11274276938781651], [0.6544935926883921, 0.0878927711656136, -0.7509414077720509]], "fy": 1162.72762639936, "fx": 1165.6626008986411}, {"id": 70, "img_name": "000071.jpg", "width": 1956, "height": 1090, "position": [3.177314182866916, -0.3660077707237714, 3.6900253813136605], "rotation": [[-0.7782871171003674, 0.08390113454411298, -0.6222778824430525], [-0.0018061009763215004, 0.9907294151147036, 0.13583800655832912], [0.6279059653760761, 0.10684486720796643, -0.770920406395141]], "fy": 1162.72762639936, "fx": 1165.6626008986411}, {"id": 71, "img_name": "000072.jpg", "width": 1956, "height": 1090, "position": [2.931723198784744, -0.35273278555091453, 3.8036231067841877], "rotation": [[-0.7879097305325298, 0.10819932743420753, -0.6062104932075503], [0.0008901379271508982, 0.9846414311041723, 0.17458653959454531], [0.615790113745444, 0.13701882241470412, -0.7759048769774944]], "fy": 1162.72762639936, "fx": 1165.6626008986411}, {"id": 72, "img_name": "000073.jpg", "width": 1956, "height": 1090, "position": [2.7186144426599337, -0.3328928256527728, 3.785610859553653], "rotation": [[-0.7957078069193516, 0.11159430103316771, -0.5953115133982498], [0.0015933775394877526, 0.9832624218811974, 0.18218800966127996], [0.6056785840324987, 0.14401986562013147, -0.7825673971940988]], "fy": 1162.72762639936, "fx": 1165.6626008986411}, {"id": 73, "img_name": "000074.jpg", "width": 1956, "height": 1090, "position": [2.5504020287723623, -0.3755301892161262, 3.877154680809969], "rotation": [[-0.8125019035032917, 0.1086332622758895, -0.5727473012863744], [0.005821249130052537, 0.9839467011784738, 0.17836760439767294], [0.5829294724596562, 0.14158991336707819, -0.800090948936813]], "fy": 1162.72762639936, "fx": 1165.6626008986411}, {"id": 74, "img_name": "000075.jpg", "width": 1956, "height": 1090, "position": [2.3080459427484348, -0.4241391974452563, 3.946513601523557], "rotation": [[-0.8738622180976156, 0.09605306770942007, -0.4765906335264303], [0.014638597419077904, 0.9850428373308117, 0.17168669164750697], [0.4859532233117883, 0.14305389476303518, -0.8621978009401375]], "fy": 1162.72762639936, "fx": 1165.6626008986411}, {"id": 75, "img_name": "000076.jpg", "width": 1956, "height": 1090, "position": [2.11889374879622, -0.45900359646974254, 4.156984519890276], "rotation": [[-0.9156143589629582, 0.08038268766673588, -0.393940311702576], [0.017513082450101466, 0.9868542927955474, 0.16066081268964236], [0.40167603563561854, 0.14020423786202896, -0.9049857093245065]], "fy": 1162.72762639936, "fx": 1165.6626008986411}, {"id": 76, "img_name": "000077.jpg", "width": 1956, "height": 1090, "position": [1.975053511453805, -0.46960915689799987, 4.315187293244573], "rotation": [[-0.9283901417690629, 0.07263782980666768, -0.36443859612696994], [0.015911692590162507, 0.9875807118862819, 0.15630468818656834], [0.3712661615403904, 0.1393128967151346, -0.9180159879347977]], "fy": 1162.72762639936, "fx": 1165.6626008986411}, {"id": 77, "img_name": "000078.jpg", "width": 1956, "height": 1090, "position": [1.8226580175785099, -0.495510357185172, 4.461610053913937], "rotation": [[-0.944835981438743, 0.06657336214740377, -0.3207069622429125], [0.017878330846932362, 0.9881492002183635, 0.15245170839953318], [0.3270555510380674, 0.1383081543517926, -0.9348291399902905]], "fy": 1162.72762639936, "fx": 1165.6626008986411}, {"id": 78, "img_name": "000079.jpg", "width": 1956, "height": 1090, "position": [1.67832198321717, -0.5023616723280186, 4.629677291139827], "rotation": [[-0.9570230951928111, 0.06268946450018813, -0.2831551276389856], [0.019535475082780328, 0.9880750099988274, 0.15272897508039265], [0.28935300323456237, 0.1406335865165103, -0.9468352728234419]], "fy": 1162.72762639936, "fx": 1165.6626008986411}, {"id": 79, "img_name": "000080.jpg", "width": 1956, "height": 1090, "position": [1.5287786193552764, -0.5231457573280038, 4.7388508508936], "rotation": [[-0.9690958112628828, 0.059628025106435764, -0.23936960378176897], [0.022180816442019354, 0.987478655511144, 0.1561855188289513], [0.2456854085506509, 0.1460493188337745, -0.958284027047039]], "fy": 1162.72762639936, "fx": 1165.6626008986411}, {"id": 80, "img_name": "000081.jpg", "width": 1956, "height": 1090, "position": [1.3771787293411175, -0.5057980712506255, 4.724427499851621], "rotation": [[-0.9782288180397146, 0.057164195618862816, -0.19950096314522134], [0.024746135663228978, 0.9865864893867136, 0.16135280514864692], [0.20604855817588158, 0.15290308596901678, -0.9665219283465801]], "fy": 1162.72762639936, "fx": 1165.6626008986411}, {"id": 81, "img_name": "000082.jpg", "width": 1956, "height": 1090, "position": [1.1555108354552377, -0.4843500296377094, 4.66457518318044], "rotation": [[-0.9906504387509846, 0.0518581731703554, -0.1261841435280767], [0.03099287771731935, 0.9863002946725892, 0.16202212891936454], [0.13285762956368036, 0.1565964833711068, -0.9786860536773381]], "fy": 1162.72762639936, "fx": 1165.6626008986411}, {"id": 82, "img_name": "000083.jpg", "width": 1956, "height": 1090, "position": [0.8931224183767397, -0.5058667493028257, 4.750713729650283], "rotation": [[-0.998942910707798, 0.04131098214923434, -0.020160949890757163], [0.03767689276158896, 0.9870776044463082, 0.15575061653929112], [0.026334633061117534, 0.15482637228328777, -0.9875906447243882]], "fy": 1162.72762639936, "fx": 1165.6626008986411}, {"id": 83, "img_name": "000084.jpg", "width": 1956, "height": 1090, "position": [0.6884435712315201, -0.5097054533928456, 4.772092235300923], "rotation": [[-0.993759560817684, 0.02771505418739463, 0.10804541200269839], [0.04375724288047966, 0.9878590067628682, 0.1490633638858932], [-0.10260233417881766, 0.1528609123643754, -0.982907067067985]], "fy": 1162.72762639936, "fx": 1165.6626008986411}, {"id": 84, "img_name": "000085.jpg", "width": 1956, "height": 1090, "position": [0.463403713428187, -0.52305738644805, 4.771937021289898], "rotation": [[-0.963432701713416, 0.009176096815697832, 0.2677932570406058], [0.048609783686646625, 0.9888155304326903, 0.14099977200355474], [-0.26350430394800844, 0.14886116357984686, -0.9531032660622504]], "fy": 1162.72762639936, "fx": 1165.6626008986411}, {"id": 85, "img_name": "000086.jpg", "width": 1956, "height": 1090, "position": [0.24464086030849952, -0.518365975886636, 4.694026589444914], "rotation": [[-0.9628774306785314, 0.002884204205036467, 0.26992357224965213], [0.04303737935470621, 0.9887925364882151, 0.14295839871613333], [-0.2664860924479712, 0.1492682188253933, -0.9522101455983891]], "fy": 1162.72762639936, "fx": 1165.6626008986411}, {"id": 86, "img_name": "000087.jpg", "width": 1956, "height": 1090, "position": [0.047469906021274245, -0.5277816372630396, 4.661761558903043], "rotation": [[-0.9755091907036675, 0.005340340148397377, 0.21989383715732996], [0.04085038130556155, 0.9867119546133972, 0.15726018240546355], [-0.21613205500310492, 0.1623915003628849, -0.9627647352339123]], "fy": 1162.72762639936, "fx": 1165.6626008986411}, {"id": 87, "img_name": "000088.jpg", "width": 1956, "height": 1090, "position": [-0.17505093277613654, -0.5188620724672428, 4.557417247324743], "rotation": [[-0.9762013161946997, 0.009176836649631245, 0.21667204694847247], [0.046253452325055754, 0.984926142752234, 0.16667666744694593], [-0.21187639889272442, 0.17273181233435833, -0.9619106572857682]], "fy": 1162.72762639936, "fx": 1165.6626008986411}, {"id": 88, "img_name": "000089.jpg", "width": 1956, "height": 1090, "position": [-0.4042937708104987, -0.5236672451312083, 4.506995647096858], "rotation": [[-0.9740565316731638, 0.011458831993568497, 0.2260145311129134], [0.050765457857832846, 0.9843285316335346, 0.16887927670574168], [-0.22053739227924937, 0.17597169369393775, -0.9593733484025682]], "fy": 1162.72762639936, "fx": 1165.6626008986411}, {"id": 89, "img_name": "000090.jpg", "width": 1956, "height": 1090, "position": [-0.6396613357477391, -0.5766610961672576, 4.396460347696152], "rotation": [[-0.9712693502206613, 0.01179645997796332, 0.23769032974423202], [0.053894811817439804, 0.9837249697705518, 0.1714075059881849], [-0.23179991065808497, 0.17929313255647916, -0.9560976801755079]], "fy": 1162.72762639936, "fx": 1165.6626008986411}, {"id": 90, "img_name": "000091.jpg", "width": 1956, "height": 1090, "position": [-0.8517734795113217, -0.6261772541340723, 4.342552878604957], "rotation": [[-0.9674563615155435, 0.009997577745734624, 0.2528403389539016], [0.05628683426913409, 0.9826869351806454, 0.1765167972551873], [-0.24669815737265838, 0.18500388067413034, -0.951269458820395]], "fy": 1162.72762639936, "fx": 1165.6626008986411}, {"id": 91, "img_name": "000092.jpg", "width": 1956, "height": 1090, "position": [-1.020823252854104, -0.5989367762627902, 4.183421995364439], "rotation": [[-0.955880365536141, 0.0035902354190242907, 0.29373429658814065], [0.059028715809816425, 0.9818770049931975, 0.18009208137903226], [-0.2877643784284944, 0.1894852428956515, -0.9387688774306688]], "fy": 1162.72762639936, "fx": 1165.6626008986411}, {"id": 92, "img_name": "000093.jpg", "width": 1956, "height": 1090, "position": [-1.1755943933193762, -0.5483091814899524, 4.046688234915555], "rotation": [[-0.9236583852081496, -0.0064808812765415145, 0.3831620879113079], [0.06606081221176678, 0.9821960163716736, 0.1758606110348099], [-0.3774800081124763, 0.18774712674630836, -0.906785454158761]], "fy": 1162.72762639936, "fx": 1165.6626008986411}, {"id": 93, "img_name": "000094.jpg", "width": 1956, "height": 1090, "position": [-1.3273813560047902, -0.4856736812609985, 3.921801671255426], "rotation": [[-0.8343189198395823, -0.02613463764090717, 0.5506622564813124], [0.0741297223457653, 0.9844852731277222, 0.1590394015946173], [-0.5462753191044347, 0.17351002192960696, -0.8194373362419697]], "fy": 1162.72762639936, "fx": 1165.6626008986411}, {"id": 94, "img_name": "000095.jpg", "width": 1956, "height": 1090, "position": [-1.5316164935065788, -0.40278754496865143, 3.8588589580825827], "rotation": [[-0.8143908759118706, -0.032572805689991, 0.5794018584376283], [0.06648864865693212, 0.9866114386413523, 0.1489198735623165], [-0.5764952392095448, 0.15980263286793306, -0.8013216318665093]], "fy": 1162.72762639936, "fx": 1165.6626008986411}, {"id": 95, "img_name": "000096.jpg", "width": 1956, "height": 1090, "position": [-1.6497405591836236, -0.32073726344340425, 3.732842346544628], "rotation": [[-0.8022662351696519, -0.03666130133101465, 0.5958396066823936], [0.06474115333459053, 0.9868822025934372, 0.14789219475426393], [-0.5934454237515189, 0.1572242576355272, -0.7893687742996536]], "fy": 1162.72762639936, "fx": 1165.6626008986411}, {"id": 96, "img_name": "000097.jpg", "width": 1956, "height": 1090, "position": [-1.815065014979306, -0.2901437844457966, 3.5843702661855876], "rotation": [[-0.7190069491936589, -0.04263758377434266, 0.6936937677831], [0.0713531097774759, 0.9883136213549543, 0.13470307928677566], [-0.69133041357683, 0.1463496576495545, -0.7075620375412655]], "fy": 1162.72762639936, "fx": 1165.6626008986411}, {"id": 97, "img_name": "000098.jpg", "width": 1956, "height": 1090, "position": [-1.9359014904834517, -0.24945808928629645, 3.39212255722963], "rotation": [[-0.6025017927543184, -0.05321263023845276, 0.7963416388152375], [0.07328956262575474, 0.9898704140318322, 0.12159442188922541], [-0.7947453867358765, 0.13162438758662878, -0.592498768652296]], "fy": 1162.72762639936, "fx": 1165.6626008986411}, {"id": 98, "img_name": "000099.jpg", "width": 1956, "height": 1090, "position": [-2.1393015405337943, -0.21307413851394677, 3.2621907800199734], "rotation": [[-0.5151155701114571, -0.0698158939569363, 0.8542726089368323], [0.07025227226023228, 0.9898846237320268, 0.12326009062619715], [-0.8542368334782937, 0.12350778376239276, -0.5050002571079341]], "fy": 1162.72762639936, "fx": 1165.6626008986411}, {"id": 99, "img_name": "000100.jpg", "width": 1956, "height": 1090, "position": [-2.251098582797906, -0.183039